4450861054132016|11|2022|660
4450861054488186|11|2022|474
4450861058337611|11|2022|667
4450861057728836|11|2022|874
4450861051756734|11|2022|200
4450861056445648|11|2022|247
4450861058608847|11|2022|483
4450861054868072|11|2022|900
4450861053361061|11|2022|834
4450861058368871|11|2022|568
4450861053528685|11|2022|491
4450861054440641|11|2022|269
4450861057685606|11|2022|421
4450861055582631|11|2022|948
4450861050730557|11|2022|806
4450861058042286|11|2022|685
4450861053828838|11|2022|987
4450861050848581|11|2022|729
4450861057282628|11|2022|711
4450861055400172|11|2022|128
4450861058113566|11|2022|344
4450861056657663|11|2022|638
4450861056738331|11|2022|355
4450861051854455|11|2022|242
4450861050820002|11|2022|729
4450861050051251|11|2022|984
4450861058814130|11|2022|285
4450861058561038|11|2022|248
4450861053857530|11|2022|709
4450861056740055|11|2022|266
4450861056056205|11|2022|766
4450861056278338|11|2022|155
4450861050074105|11|2022|392
4450861055107488|11|2022|319
4450861058228455|11|2022|908
4450861054027513|11|2022|778
4450861056477633|11|2022|944
4450861051377853|11|2022|197
4450861054730066|11|2022|477
4450861057045322|11|2022|364
4450861053557130|11|2022|631
4450861054073384|11|2022|336
4450861056075718|11|2022|266
4450861050485178|11|2022|697
4450861058205032|11|2022|775
4450861050545054|11|2022|497
4450861054602356|11|2022|460
4450861056712625|11|2022|187
4450861051280313|11|2022|593
4450861053227411|11|2022|470
4450861052433804|11|2022|497
4450861053300606|11|2022|768
4450861055547535|11|2022|292
4450861050888710|11|2022|387
4450861057542146|11|2022|421
4450861053550762|11|2022|290
4450861052786250|11|2022|777
4450861053814341|11|2022|316
4450861058012487|11|2022|671
4450861058701774|11|2022|499
4450861052888585|11|2022|283
4450861051452813|11|2022|306
4450861058084023|11|2022|841
4450861055564787|11|2022|680
4450861057043467|11|2022|386
4450861056816236|11|2022|682
4450861053344547|11|2022|662
4450861051058586|11|2022|634
4450861056577325|11|2022|351
4450861050126137|11|2022|758
4450861054224508|11|2022|493
4450861057355820|11|2022|272
4450861058750508|11|2022|983
4450861053043537|11|2022|563
4450861053630770|11|2022|452
4450861053225050|11|2022|497
4450861054875374|11|2022|473
4450861052562677|11|2022|589
4450861051318477|11|2022|925
4450861058654262|11|2022|134
4450861055826350|11|2022|564
4450861050856287|11|2022|408
4450861055602850|11|2022|899
4450861051087312|11|2022|524
4450861055488284|11|2022|820
4450861052550888|11|2022|990
4450861052221647|11|2022|814
4450861058611783|11|2022|901
4450861055170163|11|2022|626
4450861050768508|11|2022|715
4450861051176131|11|2022|852
4450861052683861|11|2022|957
4450861053635472|11|2022|554
4450861057311641|11|2022|596
4450861053463503|11|2022|179
4450861054610730|11|2022|722
4450861052114677|11|2022|832
4450861057844047|11|2022|569
4450861052740836|11|2022|581
4450861058741606|11|2022|639
4450861050627258|11|2022|149
4450861051441832|11|2022|739
4450861051115212|11|2022|513
4450861053672228|11|2022|953
4450861053437465|11|2022|126
4450861057888614|11|2022|167
4450861056077052|11|2022|459
4450861056787270|11|2022|304
4450861055774014|11|2022|501
4450861053533511|11|2022|857
4450861055777025|11|2022|442
4450861057767057|11|2022|159
4450861052554831|11|2022|195
4450861053813616|11|2022|300
4450861056026703|11|2022|960
4450861056356175|11|2022|573
4450861055416574|11|2022|280
4450861050826538|11|2022|232
4450861051712067|11|2022|449
4450861052438647|11|2022|320
4450861058172448|11|2022|702
4450861051068171|11|2022|984
4450861058445141|11|2022|737
4450861055640025|11|2022|509
4450861050566712|11|2022|265
4450861052474451|11|2022|426
4450861054255304|11|2022|932
4450861052034065|11|2022|186
4450861052420207|11|2022|826
4450861058457260|11|2022|460
4450861051082222|11|2022|569
4450861050037862|11|2022|668
4450861056167184|11|2022|650
4450861054127537|11|2022|936
4450861053713048|11|2022|525
4450861053780823|11|2022|506
4450861058250236|11|2022|866
4450861054285657|11|2022|900
4450861056731534|11|2022|738
4450861058803885|11|2022|139
4450861055584132|11|2022|880
4450861054183134|11|2022|356
4450861050714262|11|2022|267
4450861058633472|11|2022|313
4450861056402318|11|2022|716
4450861054531217|11|2022|977
4450861056113428|11|2022|862
4450861051854232|11|2022|845
4450861051333112|11|2022|748
4450861057405252|11|2022|887
4450861056662523|11|2022|883
4450861054227220|11|2022|495
4450861050031865|11|2022|900
4450861056684832|11|2022|920
4450861050780073|11|2022|934
4450861056081625|11|2022|769
4450861050714627|11|2022|784
4450861055577656|11|2022|207
4450861050351016|11|2022|866
4450861056264528|11|2022|431
4450861056007752|11|2022|217
4450861055657003|11|2022|937
4450861050762618|11|2022|960
4450861052835172|11|2022|921
4450861053355428|11|2022|472
4450861051831024|11|2022|459
4450861055058657|11|2022|228
4450861054630183|11|2022|505
4450861050036617|11|2022|984
4450861050717372|11|2022|116
4450861050008186|11|2022|507
4450861058736317|11|2022|510
4450861056748348|11|2022|322
4450861052812122|11|2022|613
4450861058000383|11|2022|204
4450861056367313|11|2022|522
4450861050685256|11|2022|706
4450861058736556|11|2022|164
4450861057713432|11|2022|865
4450861055185070|11|2022|407
4450861054324480|11|2022|171
4450861053637007|11|2022|146
4450861052371426|11|2022|978
4450861058168123|11|2022|416
4450861056033345|11|2022|390
4450861053654200|11|2022|194
4450861054016623|11|2022|567
4450861053002236|11|2022|330
4450861058140502|11|2022|722
4450861058088552|11|2022|995
4450861055404877|11|2022|550
4450861055370854|11|2022|464
4450861056820568|11|2022|259
4450861058038136|11|2022|467
4450861051705871|11|2022|595
4450861054526613|11|2022|240
4450861058125875|11|2022|436
4450861058268527|11|2022|913
4450861055254751|11|2022|645
4450861058552300|11|2022|694
4450861051524801|11|2022|833
4450861058616352|11|2022|517
4450861053748267|11|2022|940
4450861051183145|11|2022|360
4450861050336207|11|2022|183
4450861055316436|11|2022|121
4450861054537388|11|2022|264
4450861050133844|11|2022|869
4450861052607621|11|2022|230
4450861055808838|11|2022|357
4450861050154584|11|2022|575
4450861052334283|11|2022|310
4450861056836051|11|2022|724
4450861056683156|11|2022|130
4450861051242545|11|2022|725
4450861052835347|11|2022|539
4450861054473006|11|2022|678
4450861052336643|11|2022|585
4450861055058806|11|2022|925
4450861056123245|11|2022|712
4450861052225614|11|2022|422
4450861055706750|11|2022|419
4450861056228408|11|2022|565
4450861056808126|11|2022|860
4450861055241303|11|2022|808
4450861050330713|11|2022|432
4450861056270418|11|2022|639
4450861052780261|11|2022|720
4450861057854418|11|2022|936
4450861054321478|11|2022|960
4450861054228400|11|2022|841
4450861050430067|11|2022|915
4450861058734577|11|2022|507
4450861056567763|11|2022|388
4450861057813166|11|2022|919
4450861055575767|11|2022|668
4450861054231164|11|2022|353
4450861052824713|11|2022|858
4450861052801141|11|2022|169
4450861050224635|11|2022|307
4450861051118380|11|2022|379
4450861055226353|11|2022|473
4450861051043455|11|2022|927
4450861051547331|11|2022|990
4450861051860205|11|2022|719
4450861053267466|11|2022|877
4450861052431311|11|2022|938
4450861054125366|11|2022|922
4450861051600460|11|2022|995
4450861057780464|11|2022|559
4450861058781115|11|2022|982
4450861053755270|11|2022|354
4450861057447171|11|2022|132
4450861054263464|11|2022|150
4450861057224836|11|2022|201
4450861057720817|11|2022|961
4450861056486063|11|2022|263
4450861051041285|11|2022|715
4450861056350772|11|2022|548
4450861050120106|11|2022|167
4450861050158544|11|2022|361
4450861051347732|11|2022|286
4450861050543877|11|2022|289
4450861051853275|11|2022|322
4450861053806222|11|2022|377
4450861055820106|11|2022|558
4450861053357374|11|2022|167
4450861052533637|11|2022|696
4450861053478113|11|2022|997
4450861055673414|11|2022|813
4450861054185808|11|2022|734
4450861054040235|11|2022|130
4450861056657820|11|2022|570
4450861052434505|11|2022|516
4450861055038436|11|2022|859
4450861050354010|11|2022|920
4450861058864887|11|2022|813
4450861053160646|11|2022|147
4450861053658003|11|2022|113
4450861058801772|11|2022|652
4450861050501784|11|2022|969
4450861053445633|11|2022|554
4450861051432245|11|2022|528
4450861056407671|11|2022|476
4450861055786810|11|2022|592
4450861058740822|11|2022|700
4450861058166051|11|2022|699
4450861051456277|11|2022|910
4450861050786047|11|2022|189
4450861052223767|11|2022|171
4450861058652654|11|2022|728
4450861057526842|11|2022|787
4450861058757677|11|2022|398
4450861050871377|11|2022|398
4450861055060547|11|2022|984
4450861055382784|11|2022|377
4450861052628726|11|2022|555
4450861052037811|11|2022|993
4450861053335263|11|2022|389
4450861058500416|11|2022|513
4450861053002780|11|2022|258
4450861058314115|11|2022|418
4450861056275714|11|2022|939
4450861058314057|11|2022|705
4450861051034371|11|2022|517
4450861051025734|11|2022|659
4450861052643170|11|2022|556
4450861054273380|11|2022|175
4450861055425245|11|2022|948
4450861056115431|11|2022|653
4450861050330341|11|2022|928
4450861055541777|11|2022|150
4450861053753051|11|2022|922
4450861057442487|11|2022|526
4450861058823842|11|2022|570
4450861051573451|11|2022|955
4450861057582720|11|2022|574
4450861050524448|11|2022|354
4450861053824514|11|2022|748
4450861057147110|11|2022|892
4450861050107376|11|2022|584
4450861056377684|11|2022|768
4450861057701882|11|2022|117
4450861050143587|11|2022|760
4450861051318618|11|2022|174
4450861051673806|11|2022|780
4450861050274051|11|2022|140
4450861051168682|11|2022|928
4450861052561604|11|2022|430
4450861057852131|11|2022|177
4450861053472850|11|2022|971
4450861057651533|11|2022|974
4450861054246865|11|2022|617
4450861052810266|11|2022|165
4450861052512581|11|2022|898
4450861050385402|11|2022|178
4450861057551006|11|2022|571
4450861057671010|11|2022|459
4450861050754672|11|2022|735
4450861055636361|11|2022|117
4450861052671353|11|2022|121
4450861057013874|11|2022|235
4450861056601620|11|2022|846
4450861056660832|11|2022|173
4450861054324316|11|2022|570
4450861058562671|11|2022|753
4450861056514807|11|2022|302
4450861058732423|11|2022|942
4450861058175011|11|2022|351
4450861054452232|11|2022|438
4450861056544853|11|2022|448
4450861051744011|11|2022|865
4450861051142182|11|2022|117
4450861050671660|11|2022|288
4450861056828561|11|2022|134
4450861052571181|11|2022|965
4450861058606122|11|2022|377
4450861053363505|11|2022|250
4450861056013420|11|2022|502
4450861055077558|11|2022|505
4450861052228535|11|2022|645
4450861054624764|11|2022|352
4450861053724037|11|2022|638
4450861054421310|11|2022|395
4450861050333055|11|2022|524
4450861058023054|11|2022|460
4450861054550647|11|2022|447
4450861055205027|11|2022|898
4450861056608823|11|2022|530
4450861056743471|11|2022|424
4450861052571876|11|2022|245
4450861052412618|11|2022|521
4450861058485436|11|2022|130
4450861053407765|11|2022|803
4450861052637685|11|2022|918
4450861056255237|11|2022|949
4450861055764361|11|2022|969
4450861050851585|11|2022|194
4450861058446834|11|2022|183
4450861058646516|11|2022|866
4450861054862455|11|2022|503
4450861057457808|11|2022|571
4450861053447324|11|2022|660
4450861052686146|11|2022|390
4450861058430424|11|2022|505
4450861054147477|11|2022|634
4450861050086273|11|2022|963
4450861053683027|11|2022|529
4450861053041622|11|2022|362
4450861058516131|11|2022|481
4450861056587241|11|2022|553
4450861056418355|11|2022|685
4450861054567740|11|2022|225
4450861055131272|11|2022|376
4450861058414253|11|2022|142
4450861054464013|11|2022|288
4450861054613270|11|2022|705
4450861053575181|11|2022|646
4450861051180828|11|2022|476
4450861052248855|11|2022|482
4450861056576236|11|2022|922
4450861058635873|11|2022|535
4450861050500158|11|2022|190
4450861058838824|11|2022|669
4450861055128740|11|2022|582
4450861056724463|11|2022|790
4450861051476218|11|2022|852
4450861051385468|11|2022|659
4450861057411151|11|2022|418
4450861056401435|11|2022|409
4450861057172118|11|2022|241
4450861053082477|11|2022|819
4450861051727081|11|2022|418
4450861058771868|11|2022|139
4450861054427036|11|2022|916
4450861056171137|11|2022|506
4450861056605043|11|2022|449
4450861056416722|11|2022|473
4450861053064848|11|2022|470
4450861055016747|11|2022|433
4450861058482466|11|2022|466
4450861055747283|11|2022|579
4450861055783411|11|2022|909
4450861052362276|11|2022|719
4450861056075213|11|2022|230
4450861052238211|11|2022|418
4450861056474382|11|2022|671
4450861052316058|11|2022|411
4450861051078287|11|2022|199
4450861053545507|11|2022|949
4450861054738838|11|2022|200
4450861055740064|11|2022|126
4450861051086785|11|2022|235
4450861054053105|11|2022|673
4450861051376376|11|2022|905
4450861053271617|11|2022|379
4450861058226038|11|2022|687
4450861056211032|11|2022|377
4450861054470044|11|2022|535
4450861056681432|11|2022|649
4450861058710403|11|2022|191
4450861053302826|11|2022|215
4450861054128444|11|2022|898
4450861057016380|11|2022|679
4450861050410440|11|2022|662
4450861058486814|11|2022|912
4450861051541102|11|2022|718
4450861053706778|11|2022|669
4450861057267884|11|2022|730
4450861052870336|11|2022|341
4450861058255664|11|2022|567
4450861054755345|11|2022|559
4450861052482884|11|2022|534
4450861058060130|11|2022|649
4450861051311258|11|2022|442
4450861054876687|11|2022|700
4450861058341787|11|2022|675
4450861054253507|11|2022|821
4450861053337780|11|2022|181
4450861055015160|11|2022|419
4450861055746442|11|2022|531
4450861052444355|11|2022|637
4450861058874233|11|2022|610
4450861056134655|11|2022|367
4450861053564458|11|2022|646
4450861050125584|11|2022|830
4450861052146075|11|2022|794
4450861056212055|11|2022|599
4450861053023851|11|2022|400
4450861057203251|11|2022|366
4450861058143621|11|2022|132
4450861055133328|11|2022|355
4450861056383245|11|2022|919
4450861055366233|11|2022|536
4450861054011574|11|2022|844
4450861055616678|11|2022|223
4450861055535175|11|2022|135
4450861057068738|11|2022|467
4450861052687631|11|2022|400
4450861050110545|11|2022|734
4450861055016002|11|2022|220
4450861050488388|11|2022|681
4450861051730846|11|2022|655
4450861054235033|11|2022|596
4450861055451464|11|2022|388
4450861052625102|11|2022|112
4450861058201866|11|2022|179
4450861055781761|11|2022|476
4450861052141704|11|2022|412
4450861055246013|11|2022|873
4450861053782258|11|2022|515
4450861058626237|11|2022|368
4450861055161261|11|2022|455
4450861052202431|11|2022|472
4450861050476375|11|2022|872
4450861050888686|11|2022|265
4450861050771601|11|2022|903
4450861051086686|11|2022|296
4450861054806403|11|2022|270
4450861053822112|11|2022|666
4450861056887153|11|2022|994
4450861057357818|11|2022|492
4450861056472246|11|2022|439
4450861056271218|11|2022|614
4450861054423563|11|2022|638
4450861055882643|11|2022|203
4450861054268570|11|2022|577
4450861052071075|11|2022|740
4450861054511672|11|2022|919
4450861054705126|11|2022|703
4450861055348082|11|2022|485
4450861055477725|11|2022|662
4450861055055885|11|2022|342
4450861052686872|11|2022|726
4450861055261830|11|2022|739
4450861051728808|11|2022|351
4450861058551286|11|2022|959
4450861050054313|11|2022|738
4450861056267018|11|2022|706
4450861057831358|11|2022|119
4450861056188024|11|2022|604
4450861051754465|11|2022|406
4450861053807220|11|2022|800
4450861052257120|11|2022|699
4450861050880147|11|2022|962
4450861056555578|11|2022|467
4450861054234770|11|2022|320
4450861057004030|11|2022|293
4450861053803278|11|2022|724
4450861052011584|11|2022|369
4450861058022601|11|2022|255
4450861052147776|11|2022|684
4450861053412732|11|2022|179
4450861052518703|11|2022|336
4450861055617866|11|2022|458
4450861057077515|11|2022|356
4450861052224344|11|2022|959
4450861050584483|11|2022|489
4450861058184088|11|2022|118
4450861056261425|11|2022|756
4450861051358432|11|2022|444
4450861057851075|11|2022|484
4450861052360023|11|2022|846
4450861051411470|11|2022|450
4450861053130367|11|2022|762
4450861050623463|11|2022|900
4450861054142767|11|2022|970
4450861053620540|11|2022|118
4450861054558087|11|2022|973
4450861051537811|11|2022|963
4450861052531680|11|2022|989
4450861058451602|11|2022|994
4450861050428665|11|2022|395
4450861055087003|11|2022|178
4450861050381765|11|2022|686
4450861057783757|11|2022|706
4450861056213202|11|2022|476
4450861058421027|11|2022|821
4450861053502763|11|2022|771
4450861050365024|11|2022|786
4450861052465715|11|2022|741
4450861052683242|11|2022|612
4450861055360111|11|2022|185
4450861055006284|11|2022|752
4450861055615324|11|2022|247
4450861053282572|11|2022|585
4450861053384873|11|2022|688
4450861056744610|11|2022|834
4450861053063378|11|2022|298
4450861053538718|11|2022|138
4450861058126618|11|2022|648
4450861057322523|11|2022|197
4450861058577448|11|2022|704
4450861058670110|11|2022|546
4450861058121247|11|2022|654
4450861056382007|11|2022|241
4450861051657825|11|2022|862
4450861054662145|11|2022|944
4450861054324845|11|2022|782
4450861056312327|11|2022|631
4450861054048667|11|2022|562
4450861051575357|11|2022|449
4450861058175250|11|2022|679
4450861058708522|11|2022|141
4450861050268574|11|2022|729
4450861050506213|11|2022|755
4450861052760123|11|2022|628
4450861055288015|11|2022|486
4450861052453638|11|2022|396
4450861054558301|11|2022|164
4450861058764004|11|2022|294
4450861054367000|11|2022|946
4450861054204575|11|2022|653
4450861055366258|11|2022|880
4450861057217111|11|2022|944
4450861057624316|11|2022|727
4450861050826686|11|2022|381
4450861053724722|11|2022|357
4450861051613455|11|2022|567
4450861051863340|11|2022|823
4450861055530861|11|2022|928
4450861058768708|11|2022|934
4450861053148401|11|2022|338
4450861055887584|11|2022|301
4450861052025717|11|2022|752
4450861055448445|11|2022|186
4450861057370324|11|2022|198
4450861053405215|11|2022|709
4450861052102441|11|2022|184
4450861053675627|11|2022|308
4450861053456481|11|2022|950
4450861054501624|11|2022|961
4450861058575640|11|2022|956
4450861057331250|11|2022|951
4450861058233604|11|2022|515
4450861050664855|11|2022|702
4450861052611326|11|2022|864
4450861055312278|11|2022|700
4450861055127262|11|2022|923
4450861052315803|11|2022|447
4450861057047146|11|2022|584
4450861054483740|11|2022|312
4450861058885353|11|2022|441
4450861050041575|11|2022|408
4450861051238816|11|2022|922
4450861058518038|11|2022|580
4450861056562020|11|2022|202
4450861058054430|11|2022|241
4450861057255442|11|2022|149
4450861056862271|11|2022|130
4450861052064070|11|2022|900
4450861050178666|11|2022|804
4450861053853620|11|2022|439
4450861053758662|11|2022|331
4450861051527275|11|2022|564
4450861056737176|11|2022|406
4450861052662212|11|2022|517
4450861050261132|11|2022|426
4450861054240850|11|2022|262
4450861056068705|11|2022|900
4450861057645840|11|2022|467
4450861057526040|11|2022|790
4450861051126078|11|2022|592
4450861054213378|11|2022|775
4450861052063320|11|2022|397
4450861058434301|11|2022|191
4450861055051884|11|2022|667
4450861058536584|11|2022|513
4450861050332768|11|2022|634
4450861057860654|11|2022|315
4450861054438678|11|2022|220
4450861050517681|11|2022|500
4450861050233677|11|2022|123
4450861054018181|11|2022|917
4450861051876177|11|2022|604
4450861056514823|11|2022|672
4450861056036314|11|2022|687
4450861053883247|11|2022|858
4450861053281483|11|2022|576
4450861054831765|11|2022|621
4450861057156442|11|2022|609
4450861058523731|11|2022|484
4450861058175284|11|2022|533
4450861056885710|11|2022|526
4450861058856156|11|2022|197
4450861051226761|11|2022|408
4450861056055488|11|2022|115
4450861057877120|11|2022|814
4450861054750874|11|2022|519
4450861055535035|11|2022|598
4450861057242234|11|2022|936
4450861054402807|11|2022|855
4450861050015108|11|2022|302
4450861057812184|11|2022|161
4450861051723452|11|2022|912
4450861053815843|11|2022|913
4450861051687517|11|2022|648
4450861051481150|11|2022|576
4450861057861843|11|2022|507
4450861055338752|11|2022|280
4450861053101814|11|2022|888
4450861054447604|11|2022|666
4450861053670388|11|2022|634
4450861053168227|11|2022|345
4450861050760620|11|2022|919
4450861053864114|11|2022|183
4450861057422745|11|2022|570
4450861054877172|11|2022|399
4450861057677710|11|2022|824
4450861057183081|11|2022|683
4450861057107817|11|2022|531
4450861051660357|11|2022|682
4450861055123048|11|2022|806
4450861055712816|11|2022|296
4450861052765726|11|2022|505
4450861052123611|11|2022|319
4450861054354487|11|2022|456
4450861052124833|11|2022|513
4450861054122678|11|2022|263
4450861058732613|11|2022|434
4450861052147883|11|2022|985
4450861057152003|11|2022|409
4450861055602868|11|2022|131
4450861050608423|11|2022|879
4450861052750553|11|2022|927
4450861052588300|11|2022|678
4450861052757483|11|2022|230
4450861053600005|11|2022|154
4450861052520204|11|2022|470
4450861050477035|11|2022|390
4450861052016104|11|2022|914
4450861057664106|11|2022|620
4450861051018218|11|2022|925
4450861052784677|11|2022|720
4450861057254437|11|2022|469
4450861057122865|11|2022|616
4450861053011724|11|2022|384
4450861052520816|11|2022|823
4450861056508015|11|2022|160
4450861051226662|11|2022|596
4450861050327016|11|2022|352
4450861051556076|11|2022|516
4450861051147033|11|2022|191
4450861057331466|11|2022|555
4450861053247450|11|2022|742
4450861055587523|11|2022|251
4450861055620555|11|2022|967
4450861052201862|11|2022|749
4450861054550753|11|2022|496
4450861050136383|11|2022|288
4450861055610341|11|2022|732
4450861056484613|11|2022|955
4450861050805516|11|2022|638
4450861053431401|11|2022|330
4450861052387786|11|2022|702
4450861056202734|11|2022|634
4450861055074530|11|2022|130
4450861056073580|11|2022|284
4450861056253745|11|2022|382
4450861057400642|11|2022|295
4450861050441031|11|2022|644
4450861054855277|11|2022|878
4450861051215830|11|2022|963
4450861051261552|11|2022|525
4450861056836135|11|2022|841
4450861052203413|11|2022|620
4450861055015384|11|2022|843
4450861050853433|11|2022|849
4450861057085377|11|2022|381
4450861058154743|11|2022|231
4450861054422573|11|2022|595
4450861055848222|11|2022|947
4450861058388770|11|2022|625
4450861058320278|11|2022|188
4450861054284478|11|2022|676
4450861054406733|11|2022|876
4450861057122246|11|2022|701
4450861055832226|11|2022|942
4450861051771162|11|2022|423
4450861053141125|11|2022|583
4450861052527423|11|2022|752
4450861052560036|11|2022|255
4450861054477064|11|2022|619
4450861058657174|11|2022|635
4450861053666642|11|2022|822
4450861050766478|11|2022|205
4450861055451373|11|2022|703
4450861050326331|11|2022|622
4450861054207222|11|2022|868
4450861053840155|11|2022|155
4450861051650333|11|2022|417
4450861054804408|11|2022|901
4450861056841572|11|2022|379
4450861056831144|11|2022|538
4450861058340748|11|2022|194
4450861056550017|11|2022|744
4450861053350445|11|2022|190
4450861054523172|11|2022|927
4450861056882683|11|2022|681
4450861050770611|11|2022|186
4450861055811741|11|2022|913
4450861051253567|11|2022|782
4450861053331627|11|2022|537
4450861051066308|11|2022|219
4450861056451810|11|2022|500
4450861056605308|11|2022|257
4450861054502440|11|2022|556
4450861058433428|11|2022|865
4450861056151576|11|2022|403
4450861057178032|11|2022|423
4450861050215641|11|2022|703
4450861050815077|11|2022|238
4450861052145648|11|2022|303
4450861053035046|11|2022|535
4450861056185061|11|2022|166
4450861056610274|11|2022|374
4450861057402242|11|2022|607
4450861056327200|11|2022|579
4450861050044330|11|2022|709
4450861051417758|11|2022|745
4450861055324224|11|2022|364
4450861056201207|11|2022|953
4450861058576671|11|2022|422
4450861056810767|11|2022|584
4450861056220314|11|2022|794
4450861051054155|11|2022|527
4450861052387430|11|2022|369
4450861053045052|11|2022|409
4450861053407443|11|2022|658
4450861055275657|11|2022|787
4450861053347581|11|2022|839
4450861057011274|11|2022|483
4450861057683700|11|2022|956
4450861050260274|11|2022|431
4450861057656615|11|2022|799
4450861051670737|11|2022|119
4450861050150715|11|2022|965
4450861058476104|11|2022|827
4450861057256382|11|2022|762
4450861055541223|11|2022|797
4450861054071651|11|2022|910
4450861057472518|11|2022|516
4450861056554431|11|2022|127
4450861055755278|11|2022|188
4450861052444462|11|2022|399
4450861054230125|11|2022|292
4450861052556646|11|2022|298
4450861057613764|11|2022|767
4450861050730763|11|2022|393
4450861056733787|11|2022|950
4450861055864641|11|2022|841
4450861051488502|11|2022|423
4450861051415372|11|2022|321
4450861056115142|11|2022|577
4450861050064155|11|2022|965
4450861052266550|11|2022|557
4450861058444847|11|2022|326
4450861058045487|11|2022|894
4450861054076742|11|2022|607
4450861057274260|11|2022|372
4450861058460207|11|2022|634
4450861057221246|11|2022|380
4450861055075073|11|2022|909
4450861051781534|11|2022|506
4450861050148487|11|2022|685
4450861054501087|11|2022|208
4450861051451807|11|2022|392
4450861055365854|11|2022|907
4450861058844335|11|2022|283
4450861055167144|11|2022|213
4450861058342520|11|2022|191
4450861055444006|11|2022|455
4450861056228044|11|2022|949
4450861051865857|11|2022|303
4450861056101142|11|2022|917
4450861058735178|11|2022|944
4450861057818322|11|2022|238
4450861058723562|11|2022|297
4450861052466853|11|2022|782
4450861050552704|11|2022|641
4450861054186178|11|2022|835
4450861057881486|11|2022|918
4450861053114700|11|2022|379
4450861055085254|11|2022|906
4450861056384227|11|2022|158
4450861053774503|11|2022|464
4450861050270851|11|2022|812
4450861051231886|11|2022|864
4450861056615836|11|2022|177
4450861058560774|11|2022|695
4450861050304031|11|2022|172
4450861054556727|11|2022|532
4450861051583773|11|2022|217
4450861052550516|11|2022|220
4450861053804441|11|2022|726
4450861056345707|11|2022|841
4450861054375862|11|2022|844
4450861055872750|11|2022|737
4450861050262882|11|2022|403
4450861055131801|11|2022|921
4450861050028531|11|2022|532
4450861057500250|11|2022|243
4450861058264211|11|2022|300
4450861054438686|11|2022|859
4450861052103845|11|2022|737
4450861054756731|11|2022|118
4450861055563334|11|2022|574
4450861058331127|11|2022|686
4450861057134688|11|2022|401
4450861052338433|11|2022|293
4450861051006221|11|2022|356
4450861051276006|11|2022|613
4450861055702312|11|2022|925
4450861056812722|11|2022|889
4450861054275336|11|2022|476
4450861050321761|11|2022|745
4450861057107247|11|2022|491
4450861054153046|11|2022|243
4450861058331580|11|2022|560
4450861057034474|11|2022|711
4450861057725717|11|2022|957
4450861057827232|11|2022|505
4450861056374053|11|2022|993
4450861055178661|11|2022|545
4450861055474110|11|2022|710
4450861050623844|11|2022|897
4450861056725023|11|2022|480
4450861054282555|11|2022|876
4450861055100608|11|2022|232
4450861058061542|11|2022|346
4450861055057030|11|2022|967
4450861058417025|11|2022|404
4450861056646526|11|2022|148
4450861055731550|11|2022|281
4450861051812677|11|2022|348
4450861054153632|11|2022|628
4450861057738736|11|2022|918
4450861053800274|11|2022|509
4450861050023854|11|2022|918
4450861058235153|11|2022|781
4450861053335768|11|2022|550
4450861058177652|11|2022|132
4450861058112535|11|2022|368
4450861054561602|11|2022|710
4450861051153817|11|2022|869
4450861055878807|11|2022|538
4450861057070551|11|2022|320
4450861054156668|11|2022|253
4450861057034433|11|2022|612
4450861057344311|11|2022|424
4450861051556373|11|2022|512
4450861051075671|11|2022|951
4450861053311678|11|2022|911
4450861052856632|11|2022|178
4450861056613443|11|2022|416
4450861054554052|11|2022|258
4450861053261311|11|2022|582
4450861058771264|11|2022|992
4450861058036478|11|2022|799
4450861050267576|11|2022|455
4450861057575120|11|2022|374
4450861051461178|11|2022|339
4450861054087665|11|2022|450
4450861051127555|11|2022|177
4450861053623601|11|2022|835
4450861054030574|11|2022|754
4450861054436557|11|2022|150
4450861058485014|11|2022|563
4450861050766171|11|2022|613
4450861054412517|11|2022|112
4450861052871458|11|2022|980
4450861057860381|11|2022|488
4450861054405826|11|2022|917
4450861057606743|11|2022|421
4450861055855441|11|2022|192
4450861050163171|11|2022|434
4450861051362681|11|2022|245
4450861050380544|11|2022|159
4450861050817784|11|2022|357
4450861052827310|11|2022|420
4450861051281477|11|2022|561
4450861053354835|11|2022|990
4450861052746510|11|2022|506
4450861055801130|11|2022|116
4450861058117567|11|2022|273
4450861056787221|11|2022|655
4450861055466421|11|2022|175
4450861055461158|11|2022|843
4450861053742856|11|2022|253
4450861052884436|11|2022|621
4450861051531368|11|2022|892
4450861052445022|11|2022|180
4450861051552570|11|2022|260
4450861055483210|11|2022|713
4450861056257357|11|2022|266
4450861052513845|11|2022|340
4450861053084861|11|2022|498
4450861055206256|11|2022|267
4450861053652733|11|2022|865
4450861054741030|11|2022|922
4450861052826064|11|2022|559
4450861052880335|11|2022|574
4450861053352821|11|2022|957
4450861058883242|11|2022|762
4450861050318841|11|2022|445
4450861052078450|11|2022|665
4450861052404714|11|2022|885
4450861053431534|11|2022|678
4450861056684170|11|2022|701
4450861053577864|11|2022|426
4450861051477836|11|2022|787
4450861056240205|11|2022|174
4450861051158758|11|2022|170
4450861058780810|11|2022|922
4450861051373373|11|2022|131
4450861053570380|11|2022|433
4450861057365878|11|2022|275
4450861057712103|11|2022|514
4450861050583121|11|2022|160
4450861054456654|11|2022|257
